# VODs added after baseline data\splits\vods_before_collection.txt
# count=39
2816737790
2816773902
2816787918
2817690699
2817704201
2817706620
2818424884
2818425312
2818621006
2819288628
2819981201
2820128843
2820239861
2820910972
2820931375
2820978922
2820979160
2820999180
2821007206
2821378338
2821397343
2821436703
2821533923
2822190535
2822197565
2822211968
2823029703
2823037292
2823037556
2823046265
2823860028
2823861599
2823866296
2824340286
2824340764
2824344779
2824352308
2825487000
2825648341
