# RECONSTRUCTED new VODs after 2026-08-19 harvest, excluding live-shadow session VODs. Use for analyze_run on window-v2-vod-seed0 only.
# count=106
2337314396
2337334515
2400670938
2803919501
2804647760
2807663633
2809978074
2810016580
2820979490
2822665242
2823158216
2823917600
2824341340
2824608282
2825081536
2826361729
2827193552
2827334582
2828275510
2828828854
2829112060
2829700827
2829844988
2830030290
2830551367
2830821082
2831331327
2831519564
2832086341
2832173296
2832278932
2832997664
2833141653
2833148055
2833697075
2833805223
2833876322
2834693815
2834703782
2835594747
2835610247
2836573154
2836782095
2837242364
2838105416
2838385527
2838961007
2839245460
2839263426
2839911181
2840019819
2841656360
2842122376
2842606639
2842681013
2842721635
2843392492
2843463299
2843478487
2843501696
2844269649
2844403169
2844584602
2844662622
2845272641
2845407664
2845408294
2845491370
2845541137
2846113813
2846267244
2846312494
2846330688
2846333175
2846346182
2846412878
2846477045
2847220352
2847266494
2847279237
2847374162
2847564311
2847988999
2848092322
2848140344
2848181500
2848232770
2848335573
2848875243
2848904942
2848966623
2848990459
2849080227
2849110159
2849772184
2849858180
2849876392
2849880199
2849935313
2849977938
2849993355
2850881492
2850883071
2850922467
2851012062
2851078163
