# Baseline snapshot from data\processed\dataset.jsonl
# count=131
2391066446
2727569143
2769665170
2770444079
2774525546
2775224892
2775294632
2775736976
2776791303
2776819377
2777618759
2778018526
2778341408
2778354205
2779190354
2779433147
2779776873
2780184849
2780790468
2781569603
2781573897
2782265077
2782343927
2782370425
2783828610
2783910527
2784569524
2785391780
2786261269
2787587431
2787859490
2787893425
2788671778
2788692532
2789500465
2789641514
2790055144
2790341918
2790485446
2791234986
2791328457
2791953124
2791962111
2792044292
2792676561
2792747995
2792798822
2792999903
2793607214
2793687601
2794388947
2795126597
2795149940
2795203832
2795899266
2795916950
2796591824
2796602264
2796640014
2797479524
2797479810
2798197797
2798197804
2798247339
2798885951
2798888436
2799005510
2799075309
2799104485
2799643051
2799643084
2799874966
2799934796
2799959715
2802262555
2802802442
2802802759
2802993014
2803060964
2803556491
2803698799
2803703686
2803784122
2804406228
2804423424
2804623403
2805215170
2805250919
2805344498
2805491703
2805978233
2805992843
2805997074
2806825010
2806858691
2806899292
2807032447
2807507102
2807580607
2807611317
2807620080
2808417519
2809091239
2809161289
2809161860
2809161896
2809852247
2809926233
2810025000
2810025085
2810025181
2810645607
2810653167
2810655574
2811446743
2811477067
2811477922
2811676400
2812273283
2812273766
2812274252
2813087992
2813091158
2813092784
2813657696
2813670956
2813674429
2813697823
2814483310
2815217488
2815402269
