# RECONSTRUCTED baseline: VODs present in raw files before 2026-08-19 harvest (mtime). Not a live snapshot.
# count=181
2269330718
2269345414
2286163849
2302668432
2302671244
2306025744
2387514427
2391066446
2727569143
2791234986
2791328457
2791953124
2791962111
2792044292
2792676561
2792747995
2792798822
2792999903
2793607214
2793687601
2794388947
2795126597
2795149940
2795203832
2795899266
2795916950
2796591824
2796602264
2796640014
2797479524
2797479810
2798197797
2798197804
2798247339
2798885951
2798888436
2799005510
2799075309
2799104485
2799643051
2799643084
2799874966
2799934796
2799959715
2802262555
2802802442
2802802759
2802993014
2803060964
2803556491
2803698799
2803703686
2803784122
2804406228
2804423424
2804623403
2805215170
2805250919
2805344498
2805491703
2805978233
2805992843
2805997074
2806825010
2806858691
2806899292
2807032447
2807507102
2807580607
2807611317
2807620080
2808417519
2809091239
2809161860
2809161896
2809852247
2809926233
2810025000
2810025085
2810025181
2810645607
2810653167
2810655574
2811446743
2811477067
2811477922
2811676400
2812273283
2812273766
2812274252
2813087992
2813091158
2813092784
2813657696
2813670956
2813674429
2813697823
2814483310
2815217488
2815402269
2816737790
2816773902
2816787918
2817690699
2817704201
2817706620
2818424884
2818425312
2818621006
2819288628
2819981201
2820128843
2820239861
2820910972
2820931375
2820978922
2820979160
2820999180
2821007206
2821378338
2821397343
2821436703
2821533923
2822190535
2822197565
2822211968
2823029703
2823037292
2823037556
2823046265
2823860028
2823861599
2823866296
2824340286
2824340764
2824344779
2824352308
2825487000
2825648341
2826457218
2826471779
2827236541
2827342591
2827532145
2828068759
2828094247
2828184823
2828379092
2828926649
2829057026
2829640834
2829959120
2830730648
2831354209
2831383791
2831424035
2832138495
2832327943
2832356582
2832997984
2833000796
2833026272
2833057438
2833903499
2833911872
2834694336
2834696561
2834748696
2835603219
2835605801
2835882084
2835916102
2836816957
2837201871
2837256737
2838148805
2838542461
2840052504
2840140888
2840790128
2841913164
